      Time    TNP064    XDF846    IWR395    FPT701    GUO758    PVL758    HQP689    VKY370    NPU381    AFW481    XGQ241    CIG308    ISO610    PKB567    SQC307    XZC901    PXF961    REY386    NIK876    HPQ298
------------------------------------------------------------------------------------------------------------------------------------------------------------------------------------------------------------------
     0.000     9.296     5.148    -4.630    10.449     3.344     1.465     7.769     6.505    15.027    10.343    -8.709     8.150     3.825     7.314    11.161     4.916     2.228     8.222   -10.290   -18.452
     0.125     7.268     5.250     3.753    11.162     5.208    -4.658    11.639     6.821    11.921    10.873     6.042    10.647    -4.350     7.339    11.108     4.784     3.293    -8.862     6.091   -16.984
     0.250    -5.002    -5.146     6.043    10.112     4.943     4.844    10.334     6.555    11.548    -7.299    -3.352    -8.569     4.384    -4.828   -10.897    -4.699     4.470    11.414     7.697   -18.762
     0.375   -10.757     5.897     6.557    10.405     4.788     1.293    -9.223    10.042   -17.720   -10.086     5.599    -9.268    -3.199     8.801    10.057     5.836     1.645     7.984     9.808    19.672
     0.500   -14.627     2.202     7.405    10.477     3.120     4.340    -8.118    11.130    19.673    -8.272     4.674    -5.792     6.683    -5.064   -10.421    -4.001    -2.206     8.530     9.652    10.060
     0.625    -8.210     3.117     6.862    10.401    -5.759     2.913    11.318     6.855    18.595    13.769    10.564     7.571    -4.756     5.672   -11.183     3.473    -4.949   -11.815     7.007    13.812
     0.750     6.171    -2.699     4.754    10.274    -3.420     2.533     8.314     8.255    17.314    -8.064    -8.397     8.290     4.814     4.090    10.850     4.287     4.050    11.408     6.655    10.923
     0.875   -11.551     2.107     9.844    11.520     3.580     2.060     8.895     9.069    10.490    13.951     8.703    13.470    -2.099     5.824   -11.391     5.138     3.148     9.326    10.519    14.259
     1.000    13.633    -2.964     8.398   -10.891    -3.226    -3.437     8.738     6.609    18.282    -8.313     9.040    11.393    -2.794    -3.033    11.435     4.827     2.688     7.441     6.877    19.664
     1.125    10.711     5.673     3.200    10.533    -4.161     4.487   -11.420    11.375    14.813     9.360     5.139    11.447     3.040     8.245   -10.423     4.046     3.557   -11.484    -9.440   -16.375
     1.250    12.435     5.612     7.159    10.280     4.159    -2.634    10.928    -9.800   -17.919    11.657   -10.436    10.224     2.026    -5.673    11.494     4.416     1.841     9.168     8.311    11.030
     1.375     8.609     5.587    -8.155   -11.941     3.571     1.121    10.645    -8.701    10.820    -8.644    10.393    14.987    -2.540    -6.114    10.447    -3.158     3.519    -9.459     7.350    19.537
     1.500    10.632     2.870     4.361    10.927     4.856     3.911    11.466     8.432   -13.826     7.649     6.336    13.648    -6.571    -6.788    10.404    -5.780    -3.469    11.288     6.763    14.128
     1.625    14.657     6.524     7.291   -11.408     4.715     3.819    -8.648    -9.068   -12.058    11.107    -8.293    -5.475     3.185    -5.666    10.221    -3.486    -4.304    10.818     7.792   -13.201
     1.750     5.280     2.828     6.668   -10.359     4.504     4.061     8.124    11.500   -13.850    12.840     5.945    11.220     4.022     7.022    10.480     4.929     4.596   -10.954     9.446    10.123
     1.875     9.924     5.024    -7.843   -10.078     4.725     1.438     8.463     8.306   -13.321    11.450     5.895    11.935     5.413     7.877    11.477    -3.832    -1.636    -9.859     6.915    12.143
     2.000    14.126     3.493     4.052    11.651    -5.553     4.429     8.387     7.803    15.659    11.328     6.157   -12.270    -5.492    -8.410    11.495     4.963     2.256    11.179    11.028   -14.581
     2.125   -10.289     5.048    -6.844    10.384     3.343    -4.133    10.263    11.908    11.665    11.631     4.795   -12.116    -2.328    -3.989    10.334     3.335    -4.029     9.166     7.582    16.790
     2.250     8.693     5.821     4.393    10.611    -5.530    -4.609     9.993    -7.103   -18.037    13.079    -7.159    -9.725     2.231    -5.155    11.487     5.741    -1.349     9.578   -11.642    15.214
     2.375     5.878     3.681     5.925    11.718    -4.147    -1.864   -11.698    -9.179   -16.524    13.737    -9.233   -12.044    -4.762     3.998    11.164    -3.216    -3.217    10.318    -6.958   -11.986
     2.500    12.541     5.521     8.963    10.327     4.861    -1.536    11.765     9.561   -18.385   -10.507     8.366     6.088     5.527    -6.465    10.999     3.542     3.783    10.504     9.015    10.978
     2.625    10.611    -4.596     3.885    11.476     4.744     4.310     7.837    -6.201   -15.161    -7.563    10.688   -14.748     3.479     7.552   -11.920    -4.810     2.739    -7.857    11.055    19.316
     2.750     6.870     3.176    -4.037    10.729     4.692    -3.361     7.145     6.866   -11.490     9.118     7.667     6.104     6.052    -6.123   -11.798    -3.041     4.439    11.514   -11.522    18.779
     2.875     8.722     5.123     8.013    11.396    -3.013     3.041   -11.640     8.854    18.748     9.225   -10.392     6.816    -6.006    -5.874   -11.935    -5.134    -3.135     7.140     9.000    16.323
     3.000    -7.635     3.490    -4.635   -11.298    -5.429     1.916     7.170     7.024    12.245    13.171     8.879    -7.729     3.561     3.652    10.806    -3.248    -2.269     7.208   -10.671    13.925
     3.125    -6.084     3.397     8.501    11.319     3.137     1.831     7.485     6.439   -15.087   -12.238     1.421     8.594     6.758    -3.206    11.897    -3.477    -4.685     7.322     8.029   -17.854
     3.250   -14.084    -3.613     6.571    11.901     5.099    -4.205    -7.957    -6.866   -11.973     8.689     5.126   -13.422     4.485     3.846    10.204    -3.247     4.395   -10.044     6.930   -18.642
     3.375     7.815     5.361     6.574   -10.511    -5.535    -1.255     9.608     6.193    17.167    13.934     4.175   -11.374     2.330     9.559    10.351    -3.351    -4.190    -9.821     6.519    13.005
     3.500    12.833    -3.260    -8.015    10.499    -5.227     1.737     7.348     8.785    17.602    12.821    -9.427   -13.298     3.143    -6.162    10.238     5.911     3.166    -7.277    -7.408    19.440
     3.625    -7.676    -5.989    -8.258    11.401     3.399     1.037    11.628    11.353   -17.191    13.377    10.130     8.531     6.175     7.925    11.570    -4.630     4.332    -7.080    11.323    17.550
     3.750    12.162     3.008     9.877    11.014     5.214    -3.000    -9.429   -10.181   -13.363     8.312     9.042   -14.826    -6.039    -8.226   -11.680    -5.270     3.965    11.513     6.418    11.546
     3.875   -14.194    -3.563    -5.050    10.465    -4.606     3.911    -8.001    10.344    16.978    12.548     7.205    -9.566     3.750    -7.974    11.659    -4.226    -4.716     9.266     8.922    16.485
     4.000   -12.506     6.897    -9.942    11.441     5.156     2.055    10.360     6.269    16.472    12.097     7.959   -11.090    -4.978     5.527   -10.459    -5.099    -2.755     9.575     8.571    16.994
     4.125     7.406    -6.706    -5.157   -10.394     5.790     4.521     9.019    -7.134    12.271    11.010     5.915    12.105    -6.573     6.037    11.060     4.156     2.521   -10.731     9.378   -13.828
     4.250     7.998     3.455    -9.401    11.581     4.671    -2.625    -7.288   -11.202    10.232     8.775     3.522     8.148    -5.455    -5.154    10.106     3.728    -2.955   -10.713    -9.459    15.156
     4.375     8.722    -3.844     6.133    10.946     5.874     4.111    11.440     9.866    16.063   -10.032    -3.348    14.001     5.958     7.246    11.478    -4.600    -2.101    11.583    10.568    15.780
     4.500     9.487     2.005    -5.783    10.423    -4.002     4.855    -9.223     8.979   -17.695    10.878     9.545     5.111     2.522     5.716   -10.983     5.535     3.883   -10.655     8.386    18.674
     4.625    10.790     6.900    -7.928   -10.837     5.793     4.989     9.727    -6.246    16.247    13.165    -7.422     8.644    -5.774     7.017   -11.287     3.424     4.070   -11.295    11.145    15.499
     4.750     5.556     4.045     3.592    11.573     4.330     1.666    10.120     9.431    15.471     9.860     9.372    -6.861    -5.642     3.140    10.742     5.406    -4.144     8.665     7.416    11.616
     4.875   -11.220     3.780     5.849    11.982     3.745    -1.324    10.229     8.640   -13.084     7.061    -7.818     6.056     6.211     4.176    11.404     3.200     2.137     8.051    -8.483    14.054
     5.000     9.588     4.625     7.718    10.072     4.900     4.708    11.169     7.531    15.942    10.880     5.570    -5.095     6.414    -7.908    10.174    -3.144    -1.618     9.827     6.375    12.363
     5.125    -6.827    -5.372     5.525    11.057     4.648     3.540    10.891    10.680    11.444    12.415    -3.401   -10.807     6.077     5.949    11.707    -3.067     1.941     8.784     8.673    15.362
     5.250    14.723     3.670     5.902    11.030    -5.880    -3.941   -10.062     9.597   -19.391     8.482    -2.668    10.792    -3.168     4.917    11.828     3.932    -3.125     9.326    -8.143    14.651
     5.375   -13.554     4.491     4.162   -10.715    -5.088    -4.857    10.918    10.470    13.438   -11.604     1.785    -5.725     5.076     8.611    11.833    -4.922     2.151   -10.165     9.989   -13.550
     5.500    13.668    -2.559    -9.034    11.263     3.941     3.505    11.448   -11.911    11.644     8.320     2.099    13.878     6.317     9.037   -11.192     3.096    -2.419    10.337    -8.021   -19.622
     5.625   -13.189     4.242     4.883    11.056    -3.118     3.700   -11.874     7.949   -13.285    10.965    -1.831   -10.810     3.780     7.136    11.520     4.397     2.023     8.473     8.820    12.599
     5.750    11.570    -4.579     5.009   -11.284    -5.945    -3.471     9.058    -6.270    14.828   -12.054     1.909    14.010     2.604    -9.201    11.808    -5.048     3.856    11.044     8.109    13.320
     5.875     6.121     4.167    -6.693    11.512     5.672     3.358    -7.075     6.446   -10.875   -12.624     2.561    -7.168     5.310     8.495   -10.158    -5.793     4.870     8.144    -7.552    17.152
     6.000     8.960    -2.001     9.568   -11.081     4.932     4.468     8.890    10.863    11.796   -13.018    -6.071     5.937     4.315     6.431    11.905     3.788     1.071   -10.934    10.321    15.833
     6.125    14.696     3.402    -8.363    11.744     3.631    -1.023     7.570     6.914    10.060   -12.895     1.574    14.805    -3.792     7.913    11.722     4.154     4.132    10.228   -10.317   -14.590
     6.250    -6.769    -6.886    -6.618    11.161     5.781    -3.832     7.118    11.457   -19.729   -12.147     2.808    11.334     2.263     5.226    11.920     4.827     1.252   -11.492     6.453    11.409
     6.375    13.088     3.537    -8.386    11.566     4.232     3.140    -8.687   -10.766    11.491     7.203     5.936    -6.990     3.007    -4.217    11.836     3.577     4.078     9.085     9.252   -10.045
     6.500    -5.398    -3.394     3.620    11.877     4.940    -4.993     7.559     6.461    14.518   -12.990    -5.495     7.890     2.696     8.694   -10.949     4.026    -4.812     9.282     6.958   -10.911
     6.625   -12.022    -5.094    -3.789    10.037     4.771     3.107     8.938   -10.930    14.592    13.022     4.927   -12.701     5.812     4.044   -11.400     5.168    -2.045    11.165   -10.766   -17.335
     6.750    -7.674     4.255     9.212    11.938     5.717     1.259     8.677     6.451   -17.794     7.531   -11.833   -12.845    -5.602     8.517    11.980    -4.859     2.249    10.349    -8.655    13.275
     6.875    11.208     4.265    -8.585   -11.138     3.053     2.297     9.026     7.032   -10.002     9.703     5.765    10.084     4.666     8.949   -10.912     5.992    -4.651    -7.471     6.144   -17.643
     7.000    12.631     4.829    -5.655    11.664    -4.550    -1.417    11.192     8.313    14.635     9.372    11.164     7.563    -3.670     4.155    11.322    -4.884     3.999     8.256    10.048    10.030
     7.125   -14.873     6.349     8.758    11.577     4.410    -1.736    11.795     6.832    11.538     9.509    -3.140     6.174     2.306     5.809    10.375     3.241     3.601    10.707     7.991    12.177
     7.250    13.296     6.198     5.823    10.219     4.299     1.732    11.316    11.416    15.227     9.700     6.689     8.839    -2.244     3.438   -11.868     3.165     1.194   -11.421    -6.953    17.744
     7.375     8.121    -6.285     3.186    10.917     5.162     2.670   -10.641     6.253    12.041    10.500    11.768     9.631    -4.836     5.167    10.613    -5.351     4.444    11.466   -11.911    13.307
     7.500    14.539     4.553     8.729    10.521    -5.529    -4.024     9.549   -11.207    14.510    10.763     5.091    13.490    -2.517    -8.573    10.062     3.256     2.184   -11.398     8.123   -16.587
     7.625    10.445     2.547     6.967    11.847     4.752     1.478     8.749     9.054   -11.092     8.221     5.509     6.195     3.077     3.823   -10.922     4.877    -4.573     7.936     6.244    16.759
     7.750   -13.625     4.589    -8.891    10.818     5.906     2.681     9.178    10.376    14.223     8.407     4.079     8.054     4.545     6.978   -11.813     5.441     2.362     9.050    11.674   -12.211
     7.875    10.333    -2.379     3.155    11.915     3.929    -4.794     8.672     9.646    16.824    11.802    -7.371    14.253     4.026     7.781    10.610     5.179     4.094   -11.518     9.849   -19.008
     8.000    13.515     4.430     5.086   -10.346     4.855     1.945     9.203     9.332    19.617    -7.933     6.235    13.316     2.259     6.553    10.901    -3.512     2.887    -8.567     6.496    16.656
     8.125    11.904     6.324     9.604    11.768     3.934     1.538    -9.800    10.715   -13.457     7.572     1.042   -10.302     6.096     5.502    11.180     3.822     2.679     9.384     9.315    11.693
     8.250    10.202     2.489    -9.847    10.183     4.507    -4.606   -11.467     8.178    12.910    -8.307    -8.208    -9.861    -2.233    -7.712   -10.995     3.846     4.070     9.813    11.958    13.328
     8.375    13.193    -3.703     7.053    10.156     5.042    -2.702     7.040    -9.209    10.070   -13.136    10.374    14.631     5.535    -3.579    10.274     4.188     3.613    -9.538    -9.555    14.508
     8.500    11.853    -3.540    -7.620    10.680    -5.644     3.970    -8.396     7.782   -10.653    12.304     3.121   -13.023    -2.145    -7.046    11.547     3.130     3.160    -7.792     9.425    13.827
     8.625    13.450     4.202     6.683    10.367     5.120     1.820     7.387    11.170   -17.561    -9.514    -2.132    11.055     4.049     5.113    11.638    -3.108    -4.225    10.272     7.344    12.800
     8.750     7.537    -2.266    -7.609   -10.710     4.840    -1.705   -11.599     6.353   -15.904    13.771     9.156   -13.065     4.383     4.528   -10.222    -4.846     1.447    -9.564    -6.982   -12.063
     8.875    12.350    -6.448    -3.462   -11.116    -4.057     4.800    10.214     8.355   -14.207     8.915    11.737    13.368     2.022     4.157    11.310     4.611    -2.587    -8.681     9.640   -17.220
     9.000    12.316    -3.961    -9.946   -11.398    -3.638    -4.050    11.383    -9.806   -10.521    -7.974     8.329   -13.807    -3.413     9.497   -10.819     5.790     2.932     9.438     6.789    16.023
     9.125    13.193    -5.399     4.783    11.685     4.851    -1.840     7.999     8.381   -14.985   -12.885     6.699    11.461    -6.895     8.768    10.285     5.205    -3.538   -11.469    -9.048    14.496
     9.250    12.193     3.604    -7.909   -11.661     3.421    -1.703    -8.962    -7.943    11.736    -8.726     8.052     5.877    -4.986     7.621    10.548    -4.540     1.484     9.165    10.635   -19.633
     9.375     9.299    -2.167     8.617    10.509    -5.639    -2.284     8.408   -10.014    15.278    11.099     8.777   -13.963     2.377    -8.233    10.299     4.683    -1.878    -8.119    10.142   -13.945
     9.500    -9.457    -3.635     5.015    10.064    -4.494    -1.370     7.201     8.684   -15.846    -8.770     8.366    13.934    -5.662    -4.195   -10.999    -3.466     1.687     8.067     9.485    10.675
     9.625   -12.527    -6.248     6.719    11.668     5.833     2.241     9.922   -10.680    11.199     9.732    -7.483    14.862    -5.101     9.752    10.785    -3.351     3.370    10.002     8.023   -11.024
     9.750     5.733     4.877     9.143    11.508    -5.407     1.013    -7.915     9.277    14.941   -12.785    -2.430     9.322     2.253     4.106   -11.437    -4.171    -2.225     8.587    -9.166    11.512
     9.875     7.035    -3.083    -9.240   -11.591    -4.694     3.163    11.055     8.935    18.031    -7.580    10.710   -13.964     2.165    -8.628    11.331    -3.211     3.795     7.225     8.449   -13.864
    10.000    12.858    -2.813     7.676   -10.197     5.261     3.007    10.589    11.213   -16.594     8.092     1.483   -10.313    -4.713     5.339    10.931     5.028     1.726     7.101     8.985    13.921
    10.125     8.094     5.826     6.535    11.390     5.950    -3.980    -9.855     6.175   -14.964     8.475    -1.698    14.044    -2.168     6.248    11.822    -5.052     3.739    11.535     6.236    12.267
    10.250     6.023     2.950     7.534    10.633    -3.934     4.663    -9.025     8.130    12.628    -8.320     2.567    11.272     6.210     7.283   -10.770     4.662     2.926     9.580     7.130   -10.318
    10.375    11.727     6.646     4.100    10.866     3.164     2.168    -9.019    -7.577    15.508    13.215     8.002    -8.944     2.462     6.144   -10.188     5.747     3.449    11.521     9.360   -18.260
    10.500    10.926     5.498     5.586    11.345     3.361     3.551   -11.811    10.265   -14.330    10.161     6.493   -11.895     5.901    -4.502    10.021     3.020     3.559     7.938     6.581   -10.435
    10.625    14.358     3.732     4.172   -10.711    -5.984     3.803   -10.364   -11.156   -12.006    11.690    11.997    -9.123    -3.441     3.519    10.666    -4.834     4.138     9.561    10.432    14.414
    10.750   -12.436    -5.445    -5.426   -10.366    -3.712    -3.572    -8.661   -10.867    15.404    -9.023    -9.749     9.291     2.880    -4.888    11.787     4.393    -3.560    -8.785     9.072   -12.908
    10.875    13.953    -3.467     8.023    10.217    -4.973     2.834     7.647    -9.362    14.718     8.523     7.962    12.628     6.716    -8.730    11.163    -3.112     3.446    -7.770     8.023    11.703
    11.000    -7.197    -5.744    -4.732    11.175     5.894     1.810    -7.034    -8.178   -18.040    -9.665     6.058   -13.606     3.678    -9.644   -10.703     3.054     2.187     8.044    11.548   -10.490
    11.125     5.196    -5.879     4.145   -10.378     4.441     2.299    -9.450     7.325    16.505    13.212    10.138    10.092    -5.317     3.485   -11.568     5.917     4.962    11.276     7.303   -13.697
    11.250    -7.971     4.870    -3.783    10.470    -5.734     2.873     8.974     6.518    10.657     7.839    -9.104     6.266     6.204     5.577    10.146    -3.441    -2.847    -8.735   -10.853    14.878
    11.375   -11.118     4.078     8.455   -11.525     3.729     2.038    -9.526     6.318    14.887    -8.072     7.791    11.594     3.068     5.301    10.457     5.162     3.474     9.465    11.403    13.620
    11.500     8.868     3.918    -8.877   -11.969     3.809     2.249     9.427     8.119    12.519   -12.408     7.673    10.855    -3.739     6.819   -11.379     4.580     1.207     8.524   -11.209   -16.131
    11.625    -5.837    -5.828     5.306    10.704     5.298    -4.391     7.519     6.577    10.641    12.489   -11.811    14.993     5.857    -3.871   -10.550     5.080     1.342     9.939     6.880    19.692
    11.750    13.107    -2.624    -3.788    11.739    -5.766     2.136     9.494     8.794    13.184     8.198     1.831    11.707     2.791    -6.758   -10.925     3.593     2.372    -8.213    11.237    19.775
    11.875    -8.396     5.434     6.506    10.148    -4.915    -1.964    11.102    11.309   -13.368     8.475     3.128    -5.147     2.995     7.800   -11.101    -3.802     1.261   -11.870    10.441    13.313
    12.000    -9.806    -3.808     5.214    11.958    -5.315    -2.258    10.842    -7.992    14.624     9.352    -2.973    14.583     6.575     4.556    10.306     5.595     2.432    -7.095    10.078    17.438
    12.125    14.764     3.317     8.049    11.333     5.652    -1.757    -9.197    10.317   -16.944     8.943     1.381   -12.952     2.642     8.241   -11.522     4.224     2.927    11.385     6.744    10.003
    12.250    12.972     6.286     7.756    11.695    -5.137     4.885    11.581    11.700    17.386     7.762    10.931    -8.769     2.584     4.804    10.333     5.978     3.744     9.066     6.772    12.401
    12.375     7.208    -2.729     4.822    10.346     3.729     3.777     9.497   -11.908    10.500    12.036     1.039     7.141     5.284     7.025   -10.691     5.854     4.352    -7.593     7.726    11.839
    12.500     8.133    -5.787     9.008    11.696    -4.339     2.978    11.074   -11.679    17.676    -9.932    -5.443    10.378     5.716     3.662   -10.930     3.114    -1.084   -10.440    11.315    12.295
    12.625     6.756     4.535     3.447    11.835     3.859     4.664     7.889    -9.255   -18.727   -13.959     6.614     7.963     4.804    -6.901    10.910    -5.283     4.435    10.999     7.477    16.356
    12.750    14.163     3.164    -8.692   -11.745     3.720     2.955    10.863    11.313   -17.292    10.442     7.304    13.612    -5.137     3.248    10.300     4.674     3.389   -11.517     9.325    10.291
    12.875     8.312    -5.158     3.869    10.034     4.723    -3.508    -9.640    10.466    15.346    11.360     9.033    11.395    -5.901     5.925    10.130    -3.852    -1.435     8.356     7.754    10.345
    13.000   -12.731     5.879    -6.926   -10.373    -3.875     1.240    -9.994   -11.914   -15.527   -10.426     6.775     8.099     2.396     9.469   -10.046     5.820     1.814     8.531    11.868    10.173
    13.125   -13.032     2.483     5.232    10.801     4.992    -3.090    -7.203    10.146    15.766    10.108     8.474    14.095     6.028    -3.154    11.104    -3.210     2.521     9.337   -10.695    19.536
    13.250   -13.420    -4.491     7.210   -10.994     5.026     3.218   -10.889     7.828   -13.160     8.092    -3.174     8.503     6.610     9.807    11.981     3.583     1.206   -10.649    -9.360    13.006
    13.375     5.600    -4.534     8.139    11.022    -3.099    -1.456    -7.183    -7.703   -12.205   -11.576     2.505     9.612     5.683     5.385    10.262    -5.158     4.231     9.846    11.996   -19.753
    13.500     5.536     2.480    -8.586    10.634     3.581     1.160   -11.588     9.039    12.662   -13.660    11.370    -9.352     4.505    -4.740   -11.931     4.424     1.279    10.849     7.794    10.070
    13.625   -11.713    -3.592    -7.043   -10.272     4.639     3.344    11.322    -6.049    19.419     8.002     5.746    -9.509     3.451     8.152    10.018    -4.406    -1.726    -8.757     6.030    10.710
    13.750   -12.982     6.583     6.568   -11.525    -4.300     4.290    11.368     8.816    15.939    11.454    -3.836    -6.656     2.389     9.564    11.567     5.436     4.228     8.921     9.001    16.467
    13.875    14.492     2.654     4.978    10.135    -5.637     1.924    -8.595     6.680    14.803     7.621   -11.995    12.085     2.365     7.860    10.114     5.081     1.699    -7.025    -7.819   -10.671
    14.000     7.587    -3.842    -8.163    10.252     4.715     4.926    -7.774    11.534   -14.984     9.726     1.703    -5.543     5.729     3.476    11.566    -3.544     4.922     9.974   -11.746    14.988
    14.125    -7.171    -5.973    -3.429    11.996     5.337    -2.936    11.780    10.013    17.029    10.087     8.229   -14.815     6.114     6.100   -11.382     5.058     4.473    11.032     6.698    14.510
    14.250     5.443     5.403     3.791   -10.746     4.190     4.112    10.875   -11.042    12.540    12.756    -8.967   -12.741    -3.126    -8.016   -11.216     3.019    -2.705     8.832     7.216   -18.912
    14.375    10.471     6.411     3.062    10.870     3.538     3.474    10.028     8.292    13.689    12.381    11.942    -8.937     5.357     4.450   -11.136     5.714    -4.873    -8.354    10.997    15.857
    14.500     8.406    -5.345    -3.499   -10.663     5.144     1.110    11.759    11.604    13.467    -9.636    10.649    11.425    -4.468    -7.601   -10.337     3.197     2.764     8.890     8.051    10.748
    14.625    -6.091     2.849     3.361    10.617     3.454     2.938     8.203   -11.711   -11.356    10.984     4.957    -5.641    -4.475     5.789    11.251    -5.506     3.200     8.821    -9.298    16.921
    14.750    -5.960     2.250    -3.381   -10.072     5.205     2.345    -8.055     6.125    17.828     9.194    -4.757    -8.198     3.815     3.869    11.519    -4.434     3.140     9.015     8.643   -14.003
    14.875     7.123     5.670     6.897   -11.963     4.186     2.423     9.464     9.750    13.406     7.786     7.695     6.625     5.469     6.680   -10.156     3.589     4.359    10.020     8.207    16.947
    15.000    -9.337     2.284     8.536   -11.802    -5.376     2.306   -11.003    -7.422    18.041    11.698     7.367    11.380     4.342     8.423    11.566    -3.577    -1.213     7.295     7.408    16.384
    15.125   -12.113    -2.595    -3.674    10.209    -4.862     2.389     9.980    11.100   -19.860   -11.475     9.779    11.509     3.229     4.202   -10.760     3.972     2.159    11.288    -7.165   -18.918
    15.250    12.129    -3.021    -5.800    10.347     4.531     3.649     8.507     6.272    14.590    13.136     3.117     6.090     5.737    -3.855    10.542     3.011     1.144     8.174   -11.245   -10.305
    15.375   -14.885     2.904     5.942   -10.378    -4.533     3.908    10.549     8.926   -19.519    13.129     2.653     5.683    -4.052    -3.859    11.967     4.978     2.024    -7.628    11.011   -17.199
    15.500   -12.148     5.611     4.044    11.195     4.394    -3.615    10.517     9.091    15.827    -9.758     7.666    13.914     3.943     7.440    11.968    -4.444    -1.561   -10.039   -10.339    10.699
    15.625   -12.141     2.907    -4.690    11.448     5.398     4.760    -9.334     8.628    19.718     8.266     1.872     5.082    -3.840     7.487    10.398     4.749    -3.816   -10.488    11.537    16.684
    15.750    14.713     6.141     4.832    10.776     3.599     1.150     7.450   -10.154   -12.879    11.947    -8.536    12.703     2.795    -4.771    10.861     3.257     1.229    10.455    10.483   -13.282
    15.875    12.291     3.795    -3.186   -10.435     3.445     4.512    11.476     8.358    12.752     7.425    -2.991    12.891     6.672     6.903    11.031     3.329    -4.931    -7.884     7.136   -15.838
    16.000     8.993    -3.220     9.131   -11.128    -4.498     3.987    11.923     9.700    12.099    10.382    -4.504   -11.658    -2.987    -4.206    11.219    -5.374    -3.461    -7.271    -9.404    18.259
    16.125    14.970     3.815     5.715    10.848     4.668     1.624    -8.928     9.048   -11.463     7.490     3.801    -6.359     6.233     4.544   -10.072     4.470     4.517    -7.531     6.526    16.646
    16.250    10.631     4.337     9.579    11.532    -4.772     1.905   -10.616   -10.059    11.578    11.567     6.543     7.612    -5.050     5.959    11.698     3.413    -4.215   -10.763     7.675   -11.026
    16.375     5.123     3.092    -5.899    10.344    -4.685    -4.705     7.695     7.300   -16.748    10.069     9.202     8.207     4.384    -8.179    10.032    -4.597    -3.774    -7.746     7.874   -17.465
    16.500   -14.405     3.745     6.002    11.722     3.288    -2.559     8.984     7.355    19.806    12.218    -1.054   -14.737    -3.082     7.616    11.598    -5.179    -4.838    -9.363     7.659    15.995
    16.625    13.799     4.756    -5.350    10.882     3.511     4.874    -8.609     6.616   -15.046   -10.405     9.961   -11.715    -4.736    -9.660   -10.872     3.893     1.535    -7.773     9.045   -15.251
    16.750     9.566     3.145     5.898   -11.306     5.364     4.817   -11.466     6.740    15.649    13.554    -6.553     8.513     2.205     7.458   -11.951    -5.919     2.205     7.380     8.510    10.327
    16.875    12.492     2.439     7.891   -11.917     4.572     2.179     7.342    11.446    13.338    13.284    -8.970     5.782    -3.506     3.704   -10.165     5.985     3.174    10.488    -7.432    15.513
    17.000    13.840    -3.176     5.662    11.143     4.159     1.879     7.360    -6.450   -14.215     9.967     1.910    12.296    -5.935     3.188    10.931     3.565     2.287    -8.152     7.918    18.598
    17.125    10.851     5.107    -9.678    11.374    -5.073    -2.481     9.574   -11.131   -15.949     7.379    -6.957    -6.751     5.115     4.373   -10.232    -3.498     1.614     7.434    -7.504    19.114
    17.250     7.856     6.763     6.336    11.376    -3.586     1.575     8.775    -7.208   -18.550    -8.904   -10.016     5.215    -5.907     7.785    10.126    -5.369    -1.115     7.887     7.976    15.897
    17.375    11.516     3.372     8.351    11.124    -3.080     1.827     9.700     8.246    17.982    10.060     9.754    11.620     3.511     6.352    10.821    -5.109     3.115    -9.283     8.182    10.063
    17.500    10.575    -5.146     7.290    10.070    -5.461    -4.304    -8.661    -9.687   -14.115   -11.171    11.266    13.227     3.963     6.348   -11.771    -4.295    -2.605    -7.209    -8.653    19.861
    17.625     9.378     4.329    -4.091    11.106     4.228     2.507    10.429    11.879   -10.463    12.847     5.137    -8.995     6.922    -4.806    10.818     3.472     1.830    -8.870    10.288    19.971
    17.750     6.457     4.329     6.464   -11.723     4.024     3.022     9.590    -8.179    17.706     8.518    -3.681    -8.593     2.895     8.666   -11.562     5.064     3.710     8.263    11.113   -19.298
    17.875     7.162     2.424     3.330    11.662    -4.299     1.810     9.732     7.933    13.377     9.568    -5.066    -9.679    -4.680     5.020    10.297     3.411     4.349    11.326    11.545    11.942
    18.000    -9.391    -6.180     5.540   -11.127     5.823     4.871    11.748   -11.446    11.624    12.850     5.162     8.914     5.918    -9.795    11.435    -3.758     2.561    10.803   -10.135   -12.954
    18.125    10.186     5.024     3.268    11.764     4.229     4.756   -10.335     7.192    15.694     7.591    -2.621     5.064     2.402    -5.776    11.556     4.810     3.697    10.577    -7.462   -18.727
    18.250     9.842     3.791     7.742   -10.452     5.058    -1.731     8.109    -8.870    10.568    10.772    11.687   -14.296     3.822    -5.766   -10.954     4.978     1.114    -8.083     9.424   -18.408
    18.375     6.564     5.016     3.000    10.808     3.352     3.863    -7.855    -9.672    12.286     7.511     6.131   -12.904     4.504    -6.099   -10.296    -4.127    -4.917     7.556    -7.627    10.234
    18.500    11.116    -5.282    -7.338   -11.922     4.915     3.122    10.750    11.985    17.200    -9.305    11.770     8.254    -4.823     8.330    10.486     3.412    -4.569   -10.532     9.526    19.397
    18.625     9.881     2.095     4.845    10.537     3.682     4.827    11.549   -11.031   -14.404    -9.941     4.408    -6.865     2.359    -8.424   -11.597     4.333    -1.927    11.787    -7.303    11.924
    18.750    14.392     3.484     6.158   -11.194     3.360    -3.858    -7.606     6.821   -11.013    -8.898     3.582    -6.621     6.135     5.098    11.103    -5.298     4.572    -8.058     8.857   -13.544
    18.875     8.366     4.183    -9.061    10.175     4.844     3.720     9.613    -7.448    19.895   -12.014   -10.306    -5.675     3.957     8.649    10.818    -3.653     1.950   -11.439     6.938   -19.258
    19.000     8.004     2.702    -9.449    10.608    -5.716     3.166     8.578    -7.597   -10.562     7.347    10.695     5.128     2.279     8.593    11.260    -3.410     2.402     7.697    10.738    18.856
    19.125     7.950     2.137     8.595    11.501    -3.542     2.819    -8.664    -6.770    12.829    13.525     3.862    -6.312    -3.749     9.701    10.483     4.504    -3.435     8.716     8.981    16.525
    19.250     5.911    -2.995     6.750   -11.236    -4.071    -3.486    11.883     7.702    18.940     7.739     5.891     5.752    -4.075    -4.629    11.888     3.430     4.976    11.413     8.298    12.733
    19.375   -11.636     3.483     4.546   -11.416     5.475     3.415     8.544     7.576    10.928   -13.234    -5.292    -7.034     5.146    -6.629    10.697     3.141    -2.281    11.277    -6.821    17.731
    19.500     9.201     5.447     7.557    10.802    -4.170     1.001     8.595    -8.349   -18.286    10.444    -9.110    -7.026    -4.211     6.351    10.435     3.398     1.087    11.235    11.272    14.439
    19.625     8.227    -3.487    -4.556    10.907     3.465     2.682    10.597     6.079   -10.830    12.394     3.106    10.975    -2.591     6.039    10.894     4.375    -3.976   -10.655    -9.561   -11.713
    19.750     7.553    -6.977     8.756    10.847     4.282    -1.820    -8.549    11.319    14.197   -12.557     2.289     5.932    -3.076     5.948    11.809     4.409     4.175    10.662    -6.856    15.175
    19.875     8.336    -6.564     7.316    10.030    -4.688     3.388     9.873   -11.026   -15.294    -9.116   -10.546   -13.138    -3.323     6.662    10.498    -5.042     4.472     8.706    10.559    14.844
    20.000    13.898     6.061    -9.424    10.379    -5.440     3.557     7.741     7.305    13.111    -8.961     5.656    -8.653     4.820    -8.709    10.383     3.720     4.435    -9.244     9.364    16.266
    20.125   -11.794     4.667     3.708    10.861    -5.722    -1.189    10.610     9.117   -14.669    10.506    10.244    -6.057     4.594     9.391    11.863     5.725     3.365    11.952     7.370    15.869
    20.250    -6.491    -4.001     6.562    10.638     3.656    -3.844    -7.730     7.913   -15.647   -10.765     5.555    -5.434     2.149    -3.903   -10.113     3.964     2.141     7.862     8.919    13.367
    20.375    10.867    -3.154     7.205    10.119    -4.091     2.941    11.900     9.263    13.377     8.334    11.406     6.373     6.016    -3.640    11.524     4.827     4.586   -11.354     9.947    18.970
    20.500   -11.067     3.926     7.274    10.620    -3.633     3.974     8.417    -7.004    18.569    12.442     9.487    11.714     4.993     8.165    11.826    -4.252    -3.393     8.347    -7.061    12.446
    20.625   -10.406     2.362     9.299   -11.156    -5.771     2.636    10.739     8.652   -14.615   -10.196    -8.124    12.902     3.639     8.971    10.960     5.266     2.367   -10.125    11.557    14.411
    20.750    14.410     4.807     5.943    11.986     5.409     2.722    -7.500     7.344   -17.725   -11.236   -10.473   -10.021     5.804     9.166   -11.908     5.706     4.735    -8.905     8.459   -19.228
    20.875    -5.648     3.500     8.682   -11.137    -3.171     2.150    -7.651     9.193    11.009   -10.850     8.589   -13.982     5.232     8.959    10.463     4.624     3.610    -8.261     8.560    17.457
    21.000     7.467     5.199    -8.315   -10.121    -4.040     1.080     7.709    10.149    10.185     9.044     8.386   -12.346     4.455     3.392    10.877     3.196     4.485    11.480     6.396    13.025
    21.125     8.268     2.052    -8.918    10.323    -3.579     4.683     9.339     6.163    18.477     7.000    -3.905     6.942     6.791     3.240    10.679     4.218     4.615     7.362    10.632    16.392
    21.250    13.759     5.915    -6.034   -10.339    -5.374     3.883    11.936     8.999    12.931   -12.128    -5.916    -7.473     5.030    -7.485   -10.251    -5.616     2.977    11.410    -9.265   -14.492
    21.375    13.250     5.314     4.750    11.147     4.192    -4.363    -8.306    -6.349    18.568    13.186     5.608     5.861     6.520    -8.158    11.879    -4.222     1.921     8.938    10.500    19.666
    21.500    12.689     5.131     9.766    11.204     3.562     1.790   -11.985     9.492    19.799    10.471     8.110    13.192     2.784     4.830    11.904     5.924    -3.134    -8.149     8.721   -11.286
    21.625     6.150     3.087     3.509    10.544     5.382     3.317     7.401    -8.078    16.604     8.935     1.701    11.204     6.560     4.179   -10.873     4.019     2.144   -10.094    11.288    17.337
    21.750   -13.171     5.647     5.576   -11.423     4.097     1.418    10.786     9.960   -14.934   -11.998    10.247    12.360    -2.777    -9.360    10.780     5.512    -1.266     9.589     7.099    11.237
    21.875    13.329     3.401     3.956    10.551    -4.257     3.347     9.666     8.797    12.699    11.077    10.418    -6.057    -6.392     4.333    11.288     5.809    -1.367     9.660     8.459    15.870
    22.000     9.723     6.820     8.790    10.510     3.976     1.497     7.766     8.876    11.191    -7.228     9.067   -10.742     3.402     7.622   -11.913    -3.939     3.782    11.846    -9.177   -18.958
    22.125   -14.549    -6.193    -5.409    10.063     4.190     4.665   -11.901     7.918    15.983   -10.176    -1.548    -8.093    -4.352     3.820   -10.145     5.920     2.350     9.146    11.165    18.340
    22.250   -11.140     6.594     6.580    11.221    -4.575     2.119    11.363    -8.306   -17.855     7.907    -9.514   -14.144     3.151     8.841    10.816     4.012     2.128     7.669     7.321   -17.268
    22.375    14.606     5.582     6.390    11.984    -4.452    -4.540     8.807    -8.655    15.297     9.697   -10.507    -9.333     3.230     6.245    10.963     3.207     1.367     8.131    -6.677    14.105
    22.500     5.854     3.399     3.592   -11.751     5.351    -4.530     9.297     9.206   -16.596    10.547     1.023     5.661     6.192     6.760    11.514    -4.859    -4.958   -11.425     9.797    19.361
    22.625    11.469     2.543     5.848    11.614    -4.938    -3.329     9.463    10.158    14.119    11.489    -8.987    11.947     6.219     3.122    10.683     4.450    -4.945    -9.694   -10.910   -11.155
    22.750     5.583     6.589     5.028   -11.226     3.918     2.911     9.104    10.132   -14.026    12.976   -10.752     6.186    -6.846     7.866    10.419     5.643    -1.874     7.374     7.588   -19.629
    22.875     9.395     2.386     7.710   -11.617     5.824     2.096   -11.589    -8.778   -17.227    10.953     5.710    -7.458     3.239     5.900    11.689    -3.897     1.479    -7.177    -7.764    15.589
    23.000    10.369     3.286    -4.993    11.681     3.063     1.913    -8.031    -8.755    10.030     7.125     8.693   -11.376    -5.374    -4.524   -10.366    -4.854     4.264    -7.537   -10.158    16.131
    23.125    13.715     3.392    -5.452   -10.832     5.352    -3.268    -7.950     9.506   -12.336   -13.367     5.613     6.985     4.408     7.480    10.499     5.109     2.354    11.520     7.550    11.742
    23.250    -7.863     4.673     8.874    11.579     4.069     4.272   -10.003   -11.960    11.618    10.184     5.067     7.527     6.072     9.949    11.038    -4.693     2.676     9.478    11.698    16.865
    23.375    -7.747     4.573    -8.128   -11.680    -4.441    -2.234    10.307     6.011    15.921    -7.033     5.914    13.942     4.046    -3.899   -10.926     3.136    -4.815    11.858     8.159    15.958
    23.500   -13.021     3.383    -4.322    10.599    -4.801     2.717    11.377    10.673    11.785     8.831     8.244    -6.136     6.514    -6.254   -10.129     4.274    -4.052    11.486    11.676    18.771
    23.625   -13.666     2.302     3.923    11.063     4.440    -2.239    10.030     6.024    11.968     7.327     1.038    13.990     2.587    -4.646   -10.310     4.774    -2.936     8.828    11.466    13.498
    23.750    -8.950    -6.738    -7.287   -10.357    -5.846    -2.864     9.585     7.643    17.447    11.539   -10.951     7.928     5.952     3.048    11.416    -4.109    -1.335    11.708    11.977   -12.761
    23.875    13.851     4.246     9.362    11.116     4.757    -3.893     7.645    -9.560    18.242    -9.944     2.800     7.802     2.794    -4.272    11.665     4.864    -2.187    -8.596     6.894    19.029
    24.000    -7.139    -6.646     3.590    10.386    -3.097     2.185    10.095    10.695    12.410     7.562    10.986   -11.454     4.446     4.982   -10.812     3.385    -4.457   -10.914     7.277    17.952
    24.125     9.897    -4.240    -8.047    11.768    -4.103     3.386   -11.804    10.427   -10.338    11.708     3.826     5.537    -3.477     7.062    10.228     5.500     3.836    11.801    -7.627    11.172
    24.250   -10.216    -2.027     8.656   -10.818    -3.505     4.691     7.333   -11.168    17.284     8.830    -9.051    11.680     2.454     5.045    11.159     4.250     1.523     8.325    -8.332    16.383
    24.375    12.648     5.282    -7.098    11.422     4.956    -2.646    10.015   -11.300   -18.857     7.565     4.563    13.240     4.006    -5.175   -11.490    -3.022    -2.987    11.740    -9.331    12.256
    24.500     5.963    -6.710     6.937    10.950    -5.481     4.097    11.164     6.886   -17.730    11.604     2.709    13.796     4.723    -3.303    10.824     3.973     1.612   -11.644     8.335    10.822
    24.625     6.930     3.110     5.268    11.821     5.194     1.817   -10.940    -6.655    11.817   -11.457    -1.845     9.949    -4.886    -3.243   -10.514     5.146    -1.507   -11.822     6.836   -15.090
    24.750     8.162    -5.187    -8.826    10.313    -3.706     3.583   -11.377    10.928    13.074   -10.703     6.856    -5.922     4.311     7.167    11.082     4.946     1.112     7.461     8.489   -10.529
    24.875    13.259     2.124    -3.207    10.244     5.545     4.280    -9.979     9.141   -10.015    -9.289    10.363    -5.763    -4.240    -7.015   -10.991    -5.064     3.486    10.231    10.638    16.763
    25.000     9.432     4.206    -3.588    10.076     4.389     1.357     7.571     8.014    12.144    12.095    -8.721     9.150    -3.197    -6.358    10.326    -5.813     4.645    10.227    -9.182   -12.770
    25.125    11.030     6.576     4.635    11.047     5.451    -1.161     7.270     6.001    13.430    -9.458     3.730     8.258    -5.625    -8.370    10.795     4.944     4.256     9.292     7.431   -12.824
    25.250    10.753     3.218     3.387    11.845    -4.791    -2.357     7.962     6.308    19.438     8.390    -3.773     6.150     5.650     7.243    10.605     5.415     3.853    10.898     9.598    16.058
    25.375     9.041     2.418    -3.969    11.028     4.461    -1.748    -7.197    10.919    16.049    -7.885    10.064   -12.953     2.607     7.110   -10.851     5.940     4.684    10.741   -11.430    14.548
    25.500    11.073     6.167     8.365   -10.233    -5.494     1.288    -9.968     8.023   -11.826    13.844     7.544    11.967     2.419     5.480    10.326    -5.413     2.620   -11.095     9.750    19.495
    25.625     7.389     2.853    -3.929   -11.301     4.149    -3.333     7.856     6.842    18.405   -10.969     1.028   -12.429     5.033     3.310    10.929     4.813     2.078    -9.879    -8.776    12.908
    25.750    11.189    -4.119     3.944   -10.321    -3.730    -4.596     7.839     7.352   -11.274    10.888     2.489     5.886     2.136     9.463    10.825     4.887    -3.797    10.156   -11.666    13.502
    25.875   -10.007    -6.806     9.070   -10.640    -3.704     1.038    11.424     6.973    14.533     9.455     9.514    -7.549     3.765     7.709    10.070     3.675     3.521   -11.405     9.443   -15.119
    26.000     8.135     5.156    -4.708   -10.182     5.358     1.103     7.857     7.749   -12.005    -7.713     8.162     9.617     2.376     8.895   -11.896     3.862     3.184     7.266    -7.508   -10.814
    26.125    -5.661     4.850     5.185    11.453     3.880     2.956     9.652     7.958    14.504     8.278     1.976     6.077     3.257     4.393   -10.769     3.909    -4.895     9.460     6.887    17.781
    26.250    12.282     4.585     4.943   -11.850     5.735    -1.317   -11.454     8.475   -18.572    11.003     3.590   -10.436     2.947     7.579   -10.209     3.342    -2.596    -9.217   -11.072   -16.881
    26.375    12.288     6.304     6.664    10.052     4.167     3.858    -9.000     7.672    11.151    10.590    11.556   -14.147    -3.545    -3.994    11.865     4.477     4.291     9.970     7.196   -11.925
    26.500    -5.598     6.983     9.003   -11.511     4.797     1.334     8.741     6.830   -15.798    10.195     9.175   -11.408     6.162     7.769    11.639     4.271     1.357     7.391    -7.230   -17.961
    26.625     5.954     3.489     6.125    11.926     5.663    -1.444    10.145    -7.888    13.010    11.015     6.869    10.280     6.031     8.523    11.462     5.012     3.000    -9.083     6.525   -18.677
    26.750    14.434     2.050     5.820    10.093    -4.522    -3.491     8.672     9.148   -18.812     9.672     7.295    12.274     3.315    -7.098    11.212     4.349     1.937    10.161     9.940    12.268
    26.875    14.508    -5.537     7.442    11.565    -5.219     2.288    11.394    11.905    11.081     7.462    -1.520     8.833     5.169    -4.923    10.843    -3.901     1.239    11.983     9.478    17.853
    27.000     6.279     6.563     8.200    10.768     5.296     1.136     9.691    -6.637    14.667   -11.830     6.128     6.350    -5.836     7.202    11.721     3.820    -2.232    -9.294     8.578   -12.367
    27.125    14.146     2.691    -4.508   -11.154    -5.694     3.272    -7.220    10.080    11.327    -8.067     1.080   -10.760     3.607    -8.384    11.005     5.577     4.577     8.982     9.469    10.551
    27.250     6.670    -4.273     7.183    10.967     3.870     4.832     8.131    -9.891   -13.829     8.641     5.708     7.314     3.391     3.823    11.449     5.496     1.197   -10.852    11.471    15.573
    27.375    12.275    -5.402     7.907    10.029     4.996     2.045     9.041    11.221    11.181    13.899    -8.737    -7.229     3.869    -3.016    10.891     5.888     4.522    -7.987    -6.169   -15.610
    27.500    -7.577     3.228     8.462    11.761     4.113     3.743     8.308     8.371   -16.700    12.702    -9.263    14.775    -6.287     4.703    11.863     5.698     4.461     7.563     7.095    13.474
    27.625     9.852     3.265    -9.018    10.010    -5.054     1.872    -9.224    -9.551    19.557   -12.951     6.200   -13.538    -3.429     4.777    10.975     3.643    -1.255   -11.870     9.299   -19.475
    27.750    -8.385     2.506    -4.758    11.138     5.099     1.189     7.811     8.567   -13.124    -8.079     7.572    14.910     3.713     4.217    11.416     5.338     3.811    -7.817    11.908    18.391
    27.875   -14.279     4.165     4.714    10.393     5.553    -4.381    -7.933    -8.595    12.054     9.083     3.619   -14.977     4.491     3.850    10.976     3.396     3.305   -11.342    11.371    17.767
    28.000   -13.185     5.247     7.122    11.166    -4.501     2.609    10.456    -9.622    13.117    12.709     2.698    14.810    -5.127     7.432    10.999     4.151     3.042    11.246    10.383    16.588
    28.125   -13.253    -4.696     4.858    11.125     3.886    -1.750     9.607     9.587    10.535     9.021    -2.263    14.365     2.699     8.293    10.361    -4.879     2.234     9.116   -10.606    12.267
    28.250    11.723    -5.853     7.580   -11.693     3.971    -3.075     9.520    10.875    17.631    12.494     4.538    11.317     6.668     5.451    11.174     5.180     2.466    11.814    10.138    17.068
    28.375   -10.601     3.893     3.752    11.268     3.970     4.189     7.484   -10.325   -12.151    -9.862    10.910   -11.257     5.109     4.823    11.174    -3.824     4.486    -8.259     8.937    16.743
    28.500     8.110     5.775     8.906   -11.218     4.782     3.448   -10.324     8.615   -12.294    -8.625     6.684    -8.276     4.468    -6.796   -11.631     5.627     3.994     7.734    -6.627   -19.927
    28.625    -7.871     5.843     3.695   -11.271     4.220     3.612    10.577     8.741    10.209   -12.403    -1.631     6.601    -5.346    -6.108    10.047     5.195     1.502    10.720     9.545   -18.779
    28.750     9.940     4.038     9.117    11.341    -4.212     1.726    10.343    -9.151   -15.167    -7.524    10.408    10.863     3.410     6.726   -10.455     4.694     1.224    10.839   -10.083    14.550
    28.875     9.446     3.916     8.804    10.148     4.153     3.482    10.928    11.764   -10.328     8.006     6.209     8.252    -5.123     5.913    10.661     5.928     3.279     8.955     8.992   -18.435
    29.000     8.676     6.186     5.553    11.879     3.789     2.653    10.857   -11.723    11.538     8.380     5.722    14.759    -6.126    -3.073    10.848     3.787     1.357    10.662    -8.733    18.594
    29.125     8.353     6.083     7.262   -11.810     3.101     2.487     8.268    10.307    17.375    -8.193    10.044    -7.654     6.293    -6.796    10.582     4.923     2.544    -7.527    -6.312   -14.903
    29.250     5.557     2.088     6.107    11.439     5.261    -2.771    -9.524    10.508    17.136    13.627    -2.728    -5.042    -3.390    -4.527   -11.485     3.788     3.943   -10.028     6.018    19.208
    29.375    12.333     3.621     6.410    10.382     4.715    -3.723     9.165     8.045    13.908     7.385    -7.191     8.596     4.784    -6.175    10.697     4.413     3.307    11.878   -11.669   -13.768
    29.500    -8.250    -4.609    -6.651    10.415     3.126     3.455     8.636   -11.554    19.675     8.172    11.761     8.959     6.476    -3.922   -11.517     4.358     4.320    11.007     7.650   -19.882
    29.625     9.841     2.481     4.243    11.977    -3.750     1.037     9.327   -10.970   -12.025   -10.993     4.167     6.575    -2.932     4.776    11.894    -5.358     3.424     8.561    -7.111    15.240
    29.750    10.830     2.715     8.940   -11.185     5.491    -1.478    -8.616     7.252    18.523   -10.254     5.027    13.173    -6.936     6.820    11.583     3.119     1.784    10.423     7.480    12.503
    29.875   -14.649    -4.173    -7.755    11.524    -3.410     3.109    -9.398     8.739    13.392     7.131    -1.670    -8.062     6.582     9.945    11.753     4.551     4.387    11.056    -7.044   -19.756
    30.000    13.777    -3.592     4.337    10.413     5.516     2.619   -10.064    10.782   -17.538     9.359    11.461    12.256     6.569     9.801   -10.770    -3.236     4.947    11.491    -6.924   -17.483
    30.125    -8.946     6.702    -3.871    10.618     5.765     2.254    10.427    -9.944    15.998    11.466     6.735   -14.063    -2.761    -8.843    10.838    -3.819    -1.091    11.420     6.055   -13.042
    30.250    12.829    -6.300     6.228    10.968    -3.830     4.409     7.963     7.355    19.114     7.286    -2.961     7.327    -4.263     5.381    11.019     3.844     2.951     7.233     8.014   -13.360
    30.375     6.842    -6.429    -4.737   -10.524     5.815    -1.933    -9.678     6.133    19.925    11.615     2.363   -14.895     3.885     5.351    10.009     4.160     2.595     8.445    11.915    18.949
    30.500     5.811     6.430    -5.170   -10.516    -5.616    -1.463     9.515    11.679    10.420     7.667     8.030     5.717     2.887    -6.484   -11.020     5.120     2.066    -8.206     9.923    19.094
    30.625     6.195     5.269     4.973   -10.273     4.594     1.145    -8.268     7.881   -15.519     9.938    -1.397    10.823    -4.800     7.146    11.833     3.276     2.512    -8.748     6.705   -14.956
    30.750    14.125     3.698     8.246    10.014    -5.241     1.931     8.923    -9.277    14.735     9.951     6.200    -8.152     2.347     9.906    10.884    -4.666     3.868    11.955     8.559    10.202
    30.875     6.001     3.466     4.738    11.971    -3.929     2.571    -9.053    -6.026    14.594    11.012    -1.423   -10.731     2.352     6.953   -10.449     3.247    -3.466     9.186    10.923   -12.244
    31.000    -8.538    -6.170    -9.174    10.946    -5.097     4.959   -11.977     8.120    19.922    13.058     1.238   -13.870    -6.391     6.554    11.379    -4.675     4.903     8.274     7.426    12.570
    31.125     5.491     2.823     5.002   -10.892     3.141     3.681    11.167     7.083   -11.712    13.222     1.829     7.721     5.415     4.958    11.701    -4.099    -1.725     8.036   -11.060    10.944
