         T1      T2      T3      Y1      Y2      Y3      U1      U2      U3
-----------------------------------------------------------------------------
01/01   11.68   3.54    6.23    11.88   5.86    3.64    10.60   11.50   16.58
01/02   12.65   7.00    6.69    10.51   4.39    2.12    10.72   8.02    11.83
01/03   5.69    6.04    5.23    10.93   4.26    2.78    8.73    8.05    12.60
01/04   8.73    2.15    8.59    11.95   3.25    4.21    8.30    6.93    13.54
01/05   8.31    6.23    9.88    11.16   5.94    3.12    10.16   6.86    16.10
01/06   13.98   3.27    7.61    10.79   4.69    4.06    9.29    10.98   10.56
01/07   10.00   5.40    8.33    11.48   3.35    1.58    8.44    11.00   14.40
01/08   12.64   3.97    3.67    10.25   3.71    1.90    7.41    6.32    13.85
01/09   5.89    5.23    8.43    10.93   3.18    2.22    9.69    6.35    13.89
01/10   10.83   2.66    8.49    10.82   4.70    2.14    8.68    10.76   18.77
01/11   6.18    6.25    7.61    11.75   3.13    3.74    9.36    6.83    15.63
01/12   14.95   5.72    6.37    10.64   3.08    3.93    11.99   8.37    17.48
01/13   8.02    3.76    8.81    10.02   4.86    3.92    7.07    6.69    17.00
01/14   8.47    3.30    5.13    10.45   4.18    4.16    10.04   10.11   11.59
01/15   11.24   5.09    7.94    11.25   5.58    2.84    11.63   11.62   12.58
01/16   13.08   5.36    9.00    10.50   3.84    1.77    10.35   6.45    12.93
01/17   6.67    5.24    3.50    11.26   4.64    2.49    11.30   11.73   18.70
01/18   7.04    5.08    5.71    10.19   4.73    2.04    10.65   11.55   19.28
01/19   5.24    6.90    9.84    11.01   5.60    2.01    7.85    9.60    13.02
01/20   6.79    2.05    3.49    10.78   3.59    2.26    7.12    10.68   17.22
01/21   14.13   6.61    6.81    10.98   4.04    4.01    11.74   10.93   15.29
01/22   7.31    2.77    7.25    11.53   4.32    2.65    9.89    7.17    14.03
01/23   6.62    5.78    9.41    11.52   4.96    3.72    11.46   8.15    15.83
01/24   10.89   6.54    9.68    11.71   5.21    1.47    11.98   9.43    13.05
01/25   7.86    5.70    3.46    10.08   5.90    2.18    8.75    10.33   19.07
01/26   13.60   6.80    7.06    11.84   4.98    3.36    8.31    9.75    13.93
01/27   12.91   2.98    6.05    11.63   5.45    2.59    11.04   6.97    16.07
01/28   8.44    5.09    9.25    10.59   4.83    2.89    7.76    8.58    10.88
01/29   7.16    4.59    4.26    10.65   4.40    3.46    7.88    11.68   19.88
01/30   11.80   3.29    6.74    10.37   5.85    1.31    9.91    11.59   17.73
01/31   11.63   2.15    8.55    10.50   3.68    2.04    10.38   7.98    10.28
02/01   12.28   5.24    8.56    11.35   3.75    3.91    9.40    6.12    16.12
02/02   14.74   5.07    3.20    11.56   3.81    2.71    11.27   7.27    13.54
02/03   12.14   4.27    4.13    10.05   5.08    3.17    9.83    9.06    14.44
02/04   13.53   6.96    5.91    10.54   3.60    3.88    9.29    7.01    14.47
02/05   12.53   5.95    9.36    10.55   3.52    3.58    11.73   9.44    12.61
02/06   5.98    5.83    9.99    10.19   5.74    3.97    10.60   6.82    19.63
02/07   9.39    2.56    4.61    11.60   4.61    1.39    8.75    6.81    19.12
02/08   8.96    2.49    3.95    10.66   5.38    3.17    9.12    7.12    14.20
02/09   7.62    5.36    3.35    11.66   3.49    1.46    7.37    7.23    19.44
02/10   13.60   2.60    3.26    10.30   5.21    4.41    10.98   6.22    12.90
02/11   10.69   5.09    9.29    11.98   4.49    4.59    9.17    10.47   17.82
02/12   14.89   2.66    4.03    11.28   3.29    3.47    9.14    10.71   18.87
02/13   7.82    2.37    4.10    10.32   4.88    4.11    10.62   10.45   13.02
02/14   11.57   5.73    3.99    11.77   3.62    3.30    10.43   9.42    12.23
02/15   7.67    6.35    8.73    11.80   3.49    3.32    7.82    7.73    13.24
02/16   9.79    2.05    9.70    10.09   4.86    4.06    11.32   7.77    12.95
02/17   7.29    6.74    8.82    11.02   5.08    4.69    7.65    10.59   17.18
02/18   5.04    3.23    7.66    10.69   5.23    1.87    11.31   6.92    18.45
02/19   11.56   6.56    4.06    11.13   3.94    1.85    9.25    11.52   10.87
02/20   13.42   4.83    9.35    10.85   4.27    2.74    11.72   10.90   12.94
02/21   12.15   4.57    5.98    11.05   3.70    1.16    8.65    6.82    15.22
02/22   7.18    4.06    9.74    10.81   3.07    2.80    9.53    6.68    17.92
02/23   11.96   5.13    4.38    10.89   5.65    1.99    7.84    10.12   18.07
02/24   8.35    3.64    5.71    10.21   5.37    4.03    7.87    10.00   19.65
02/25   14.77   3.00    9.57    10.32   5.30    4.10    10.44   11.17   15.77
02/26   7.34    3.26    8.68    11.82   3.34    1.95    11.96   9.67    15.30
02/27   12.45   6.77    3.64    11.96   3.27    4.59    9.84    6.45    17.09
02/28   9.98    2.23    3.66    11.24   4.36    4.56    9.10    10.51   17.61
03/01   7.58    3.80    4.89    11.68   3.79    4.99    7.13    8.12    10.04
03/02   8.18    6.26    9.35    10.39   3.47    1.84    11.65   6.43    12.80
03/03   10.79   4.10    3.19    10.03   3.74    2.70    10.01   7.36    18.96
03/04   8.26    5.96    7.05    10.16   4.12    3.69    9.72    8.55    17.29
03/05   5.32    6.91    6.73    10.09   5.38    1.62    10.50   10.87   17.23
03/06   14.20   2.55    6.22    11.81   5.93    3.64    11.72   8.82    10.52
03/07   11.13   5.45    3.22    10.59   5.09    3.71    10.47   9.73    11.23
03/08   12.88   6.36    3.01    10.61   3.64    2.69    8.92    6.71    13.52
03/09   10.23   2.65    9.71    11.88   5.67    2.22    8.73    8.17    18.01
03/10   5.95    6.04    8.24    11.45   3.38    2.83    7.03    8.64    12.34
03/11   12.04   4.08    6.57    11.21   3.23    4.33    10.05   10.48   17.57
03/12   5.75    3.61    5.27    10.16   3.27    2.28    10.63   7.81    15.44
03/13   14.72   4.61    8.46    10.80   4.88    1.68    10.88   6.30    19.16
03/14   11.05   5.03    4.59    11.38   3.06    3.42    8.24    6.08    17.27
03/15   11.38   5.44    3.16    10.78   4.27    4.13    9.55    11.39   16.56
03/16   5.95    6.95    9.78    10.04   5.58    3.69    11.17   7.13    12.72
03/17   8.93    5.09    6.04    10.46   4.32    3.70    7.67    6.92    17.95
03/18   13.66   4.10    7.98    10.59   4.78    2.09    8.23    10.94   15.94
03/19   9.04    6.46    5.06    11.09   5.13    1.33    7.59    6.89    16.56
03/20   10.97   6.12    7.44    10.07   3.51    2.67    10.53   11.11   10.39
03/21   6.44    6.42    7.59    11.11   5.08    3.94    10.33   8.35    10.93
03/22   6.41    2.81    6.74    11.20   3.03    3.32    7.84    9.16    11.86
03/23   9.71    4.25    3.91    11.93   4.18    2.35    11.56   10.79   16.23
03/24   5.89    5.33    3.81    11.77   3.48    4.80    7.19    7.41    16.72
03/25   5.30    2.46    6.13    10.00   4.75    2.95    7.60    6.29    15.44
03/26   12.03   5.81    5.81    10.11   5.82    3.61    9.87    10.52   12.05
03/27   5.78    4.91    4.81    10.59   3.76    3.57    8.12    8.32    11.23
03/28   10.08   3.42    8.89    10.62   4.92    3.69    10.79   10.44   17.91
03/29   6.25    4.25    9.09    11.25   5.66    3.07    10.46   8.54    16.25
03/30   8.01    5.64    6.31    10.42   4.59    4.81    8.22    9.35    13.35
03/31   14.46   6.88    4.52    10.88   3.19    2.70    9.62    10.58   16.31
04/01   5.32    3.00    8.38    11.06   5.51    1.40    8.89    9.78    11.93
04/02   13.16   6.32    9.37    10.25   5.47    3.89    11.36   8.87    10.20
04/03   9.42    5.07    8.39    10.76   3.09    2.01    9.41    10.50   10.28
04/04   13.84   6.94    6.31    10.49   3.39    2.85    8.30    8.48    19.25
04/05   13.69   6.62    7.95    11.43   4.95    1.91    10.78   8.01    13.10
04/06   11.14   5.35    3.53    11.45   5.49    4.68    9.71    6.71    15.92
04/07   13.44   2.99    3.52    10.91   4.84    4.03    7.14    6.59    17.86
04/08   5.49    5.81    9.26    10.05   3.34    4.50    11.21   10.04   12.79
04/09   13.56   2.58    5.07    10.82   4.73    4.23    8.98    7.53    14.61
04/10   12.55   5.68    3.46    10.34   3.99    4.85    11.84   10.76   10.95